t = [
[ 0 18 15 19 0 11 0 3 0 6 16 0 20 0 13 2 8 17 4 9 ];
[ 13 4 1 0 20 17 10 9 11 12 2 18 6 7 19 8 0 3 0 15 ];
[ 15 6 3 7 2 0 18 11 13 14 4 20 8 9 1 10 16 0 12 17 ];
[ 0 14 11 15 0 7 0 19 0 2 12 8 16 17 9 0 4 13 20 0 ];
[ 2 13 10 0 9 6 5 18 20 1 0 7 15 16 8 17 3 12 19 4 ];
[ 16 7 4 14 3 20 19 12 0 15 5 1 9 10 2 0 17 6 13 18 ];
[ 12 3 0 4 19 0 15 8 10 0 1 0 5 6 18 7 0 2 9 0 ];
[ 9 0 17 1 16 13 12 0 7 8 18 14 2 0 15 0 10 19 6 11 ];
[ 14 5 2 0 1 0 17 10 12 13 3 19 7 8 0 9 15 4 0 16 ];
[ 10 1 18 2 17 14 13 6 8 9 19 0 3 0 16 0 11 20 7 12 ];
[ 8 19 16 20 0 12 11 4 0 7 17 13 0 2 14 3 0 18 5 10 ];
[ 20 0 8 12 7 4 0 16 18 19 0 5 13 0 6 15 1 10 0 2 ];
[ 11 2 0 3 18 15 14 0 9 10 20 16 4 5 17 0 12 1 8 13 ];
[ 17 0 5 8 4 1 20 13 15 16 0 2 0 11 0 12 18 7 14 19 ];
[ 18 9 14 10 5 0 1 0 16 17 7 3 11 12 4 13 0 8 15 20 ];
[ 4 15 12 16 0 8 7 20 2 0 13 0 17 18 10 19 5 0 1 6 ];
[ 0 12 9 0 8 5 0 17 19 20 10 6 0 15 0 16 2 11 18 3 ];
[ 5 16 13 17 12 9 8 1 3 4 14 0 18 0 11 20 0 15 2 0 ];
[ 0 10 7 0 6 3 2 15 17 18 8 4 12 13 5 14 20 9 16 1 ];
[ 6 17 0 18 13 0 9 0 4 0 15 0 19 20 0 1 7 0 3 0 ]
]
solveTime = 0.022578954696655273
isOptimal = true
