t = [
[ 0 15 0 10 8 0 9 20 0 5 7 14 4 0 16 18 0 1 0 19 ];
[ 15 13 1 8 0 10 0 18 9 3 5 0 2 11 14 0 20 19 4 17 ];
[ 19 0 5 12 10 14 11 2 0 7 0 16 6 15 18 20 4 3 8 1 ];
[ 14 12 0 7 0 9 0 17 8 0 4 11 1 10 0 15 19 18 3 16 ];
[ 10 8 16 3 1 0 2 13 4 18 20 0 17 0 9 11 15 0 19 0 ];
[ 0 20 0 15 0 17 0 5 16 10 0 19 0 18 1 0 7 6 0 4 ];
[ 3 1 9 16 14 18 15 0 17 11 13 20 10 0 2 4 8 0 12 5 ];
[ 1 19 7 14 12 0 13 4 0 9 11 18 0 17 20 0 6 5 10 0 ];
[ 0 14 2 0 7 11 8 0 10 4 0 13 3 12 0 17 1 20 5 18 ];
[ 6 4 0 19 17 0 18 9 20 0 16 3 13 2 5 7 11 0 15 0 ];
[ 0 10 18 0 3 7 4 15 6 20 0 9 19 8 11 0 17 16 1 14 ];
[ 18 16 0 11 9 0 10 1 0 6 8 0 5 0 17 19 0 2 0 20 ];
[ 0 2 10 17 15 19 16 0 18 0 14 1 0 20 0 5 9 8 13 6 ];
[ 13 11 19 0 4 0 5 16 7 1 3 0 20 9 12 0 18 0 2 0 ];
[ 11 0 17 4 0 6 0 14 5 19 0 8 18 0 10 12 16 15 0 13 ];
[ 0 7 0 2 20 4 1 12 0 17 19 0 16 5 0 10 0 13 18 11 ];
[ 7 5 13 20 18 0 19 10 1 15 17 4 0 3 6 8 12 11 16 9 ];
[ 5 3 11 0 16 20 17 8 19 0 15 0 12 1 0 6 0 9 14 7 ];
[ 20 0 6 13 11 15 0 3 14 8 10 17 7 0 19 1 5 4 9 0 ];
[ 0 6 14 0 19 3 20 0 2 16 0 5 15 4 0 9 13 12 17 10 ]
]
solveTime = 0.023749828338623047
isOptimal = true
