t = [
[ 20 18 12 19 17 9 7 14 1 16 0 5 13 8 10 0 3 0 6 4 ];
[ 15 13 7 14 12 4 2 0 16 11 10 20 8 3 5 17 18 6 1 19 ];
[ 7 5 19 6 4 16 14 1 8 0 2 12 20 0 17 9 10 18 13 11 ];
[ 8 6 20 7 5 17 15 0 9 4 3 13 1 16 18 0 11 19 14 12 ];
[ 17 0 9 16 14 6 0 11 18 13 12 2 10 0 7 19 20 0 3 0 ];
[ 11 9 0 10 8 0 18 5 12 0 6 0 4 19 1 13 0 2 17 15 ];
[ 4 2 16 3 1 13 0 18 5 20 19 9 17 12 14 6 7 15 10 8 ];
[ 6 4 18 5 3 15 13 20 7 0 1 11 19 14 16 8 9 17 12 10 ];
[ 10 8 2 9 7 19 17 4 11 6 5 15 3 18 20 12 0 1 16 14 ];
[ 1 0 13 20 18 10 8 15 2 17 0 6 14 0 11 3 4 12 7 5 ];
[ 3 1 15 2 20 12 0 17 4 19 18 8 0 11 13 5 6 14 9 7 ];
[ 2 20 0 1 19 11 9 16 0 18 17 7 15 5 12 4 0 13 8 6 ];
[ 16 14 8 15 13 5 3 10 17 12 11 1 9 4 6 18 19 7 2 20 ];
[ 5 3 17 4 2 14 12 19 6 1 20 10 18 13 15 7 0 16 11 9 ];
[ 18 16 0 17 15 7 5 12 19 14 13 3 11 6 8 20 1 9 4 2 ];
[ 19 17 11 18 16 8 6 13 0 15 14 4 12 7 0 1 2 10 5 3 ];
[ 12 10 4 11 9 1 19 6 13 8 7 0 5 0 2 14 15 3 18 16 ];
[ 9 7 1 8 6 0 16 3 10 5 0 14 2 17 19 11 12 20 15 13 ];
[ 13 11 5 12 10 2 4 7 14 9 8 18 6 0 3 15 16 0 19 17 ];
[ 14 12 0 13 11 3 1 8 15 10 9 19 0 2 4 16 17 5 20 18 ]
]
solveTime = 0.012202978134155273
isOptimal = true
