t = [
[ 3 4 15 5 6 0 20 12 0 17 7 16 1 0 8 19 0 9 0 13 ];
[ 0 19 10 0 1 9 0 7 6 0 2 11 0 17 3 14 5 4 13 8 ];
[ 17 18 0 19 20 0 14 0 5 11 0 10 15 16 0 13 0 3 0 7 ];
[ 5 6 17 7 0 16 2 14 13 19 9 0 3 0 10 0 12 11 20 15 ];
[ 0 10 1 11 12 20 6 18 17 3 0 2 7 8 14 5 0 15 4 0 ];
[ 12 13 4 14 15 0 9 1 20 0 16 5 10 11 17 8 19 18 7 2 ];
[ 0 3 0 4 0 13 19 0 10 16 0 15 20 1 0 18 9 8 0 12 ];
[ 16 17 8 0 19 7 13 5 0 10 20 9 0 15 1 0 3 0 11 0 ];
[ 11 12 0 13 14 0 8 0 19 0 15 0 9 10 16 7 0 17 6 1 ];
[ 14 15 6 16 17 5 11 3 2 8 0 7 12 13 0 10 1 20 0 4 ];
[ 0 20 0 1 2 0 16 0 7 0 3 12 0 18 4 15 6 0 14 9 ];
[ 10 0 2 12 0 1 7 19 0 4 0 3 8 9 0 6 17 16 5 0 ];
[ 15 16 0 17 18 6 12 4 3 9 19 8 0 14 20 11 10 1 0 5 ];
[ 0 2 13 3 4 12 18 10 9 15 0 14 19 0 6 17 8 7 16 11 ];
[ 7 8 19 0 10 0 4 0 15 1 11 20 0 6 0 3 0 13 2 17 ];
[ 6 7 18 8 0 17 0 15 14 0 10 19 4 5 11 2 13 12 0 16 ];
[ 0 5 0 6 7 15 1 13 12 18 8 0 2 3 9 20 11 0 19 14 ];
[ 8 9 20 10 0 19 0 17 0 2 0 1 6 7 0 4 0 14 0 18 ];
[ 0 1 12 2 3 11 17 0 8 0 4 13 0 19 5 0 7 6 15 10 ];
[ 13 14 0 15 16 4 0 2 1 7 17 0 11 12 0 9 20 0 8 0 ]
]
solveTime = 0.027014970779418945
isOptimal = true
