t = [
[ 14 18 0 16 17 3 0 15 11 0 9 4 0 12 19 0 10 2 0 1 ];
[ 1 5 7 3 0 10 15 2 0 12 16 0 14 19 6 20 0 9 13 8 ];
[ 0 11 0 9 10 0 1 8 4 0 2 17 20 0 12 13 3 15 19 14 ];
[ 11 15 17 13 14 20 5 0 8 2 6 1 0 9 16 10 7 19 0 18 ];
[ 0 9 11 7 8 14 19 6 0 16 0 15 18 3 0 4 1 13 17 0 ];
[ 15 19 1 0 18 0 9 0 12 0 10 5 16 13 20 14 0 3 0 2 ];
[ 16 20 0 18 19 5 10 17 13 7 11 0 9 14 1 0 12 4 8 3 ];
[ 0 7 9 5 0 12 17 4 20 14 0 13 0 1 8 2 19 11 15 0 ];
[ 9 13 15 0 12 0 3 10 0 20 4 19 2 0 14 0 5 17 0 16 ];
[ 0 12 0 10 11 17 2 9 5 19 0 18 0 6 0 7 0 16 20 15 ];
[ 13 17 19 0 16 0 7 14 10 0 8 3 6 11 18 12 9 1 0 20 ];
[ 12 0 18 14 15 1 6 0 9 3 7 2 5 10 0 11 0 20 4 19 ];
[ 0 6 0 4 5 0 16 3 19 13 17 12 0 20 7 1 18 0 14 0 ];
[ 20 4 6 2 0 9 0 1 17 18 15 0 13 0 5 19 0 8 12 7 ];
[ 8 0 10 0 7 13 18 5 1 15 0 14 17 2 0 3 20 0 16 11 ];
[ 17 1 0 19 20 6 0 18 0 8 12 7 10 15 2 0 13 5 9 0 ];
[ 18 0 4 0 1 7 12 19 15 0 13 0 11 0 3 17 0 6 0 5 ];
[ 6 10 12 8 0 15 20 7 0 17 1 16 19 4 11 0 2 0 18 13 ];
[ 0 3 5 1 2 0 13 0 16 10 14 9 12 0 4 18 15 7 11 0 ];
[ 10 14 0 12 0 19 4 11 0 1 0 20 3 8 15 0 6 0 2 17 ]
]
solveTime = 0.0284268856048584
isOptimal = true
