t = [
[ 12 9 15 0 6 2 11 0 17 0 13 19 0 5 18 0 20 8 16 0 ];
[ 6 0 9 17 20 0 5 8 11 15 7 13 1 19 12 4 0 2 0 18 ];
[ 19 16 2 10 0 9 18 1 0 8 20 0 14 12 0 17 7 15 3 11 ];
[ 18 15 0 9 12 8 17 0 3 7 19 5 0 11 4 16 0 14 0 10 ];
[ 15 0 18 6 0 5 14 17 20 4 0 2 10 0 1 13 3 11 19 0 ];
[ 0 7 0 1 4 0 9 14 15 0 11 17 5 3 0 8 0 6 0 2 ];
[ 17 14 20 8 0 7 16 19 0 6 18 4 0 10 3 0 5 13 1 9 ];
[ 5 0 8 0 19 0 4 7 10 0 6 12 20 18 11 3 13 1 0 17 ];
[ 3 20 0 14 17 13 2 5 0 12 4 10 18 0 9 1 0 19 7 0 ];
[ 20 17 3 11 0 10 0 2 5 9 1 0 15 13 0 18 8 16 4 12 ];
[ 0 8 0 2 5 1 10 0 16 0 12 18 6 0 17 0 19 7 15 3 ];
[ 16 13 19 0 10 0 15 18 0 5 0 3 11 9 2 14 0 12 0 8 ];
[ 2 19 0 13 16 12 1 4 7 11 3 9 0 15 8 0 10 0 6 14 ];
[ 0 6 12 0 3 19 0 11 14 18 0 16 4 0 15 7 17 5 13 1 ];
[ 8 5 11 19 0 18 7 0 13 0 9 15 3 1 14 0 16 4 0 20 ];
[ 0 18 0 12 15 11 20 3 0 10 2 0 16 14 0 19 9 0 5 13 ];
[ 14 11 17 5 8 0 13 16 19 3 0 1 0 7 20 12 0 10 18 6 ];
[ 4 0 7 15 18 14 0 6 9 0 5 11 19 17 10 0 12 20 0 16 ];
[ 13 10 0 4 7 0 12 15 0 2 0 20 8 6 19 11 0 9 17 0 ];
[ 7 4 10 18 0 17 6 0 12 16 8 14 2 0 13 0 15 3 11 19 ]
]
solveTime = 0.033373117446899414
isOptimal = true
