t = [
[ 7 6 0 8 3 12 11 4 5 0 20 19 0 10 15 9 0 16 14 18 ];
[ 6 0 12 7 2 0 10 0 4 16 19 0 20 9 14 8 1 0 13 17 ];
[ 13 12 19 14 9 18 17 10 11 3 6 5 7 16 1 15 0 2 20 4 ];
[ 0 13 0 15 10 0 18 11 12 4 0 6 0 17 2 16 9 3 0 5 ];
[ 20 0 6 1 16 5 4 17 0 10 13 12 14 3 0 2 15 9 7 11 ];
[ 2 1 0 3 12 7 6 19 20 0 15 0 16 0 10 4 17 0 9 13 ];
[ 18 17 4 19 14 3 0 15 16 8 11 10 0 1 6 20 13 7 5 9 ];
[ 19 18 0 20 0 4 3 16 17 9 12 11 13 2 7 0 14 0 6 10 ];
[ 9 8 15 0 5 14 0 6 7 19 2 0 3 0 17 11 4 18 16 20 ];
[ 0 15 0 17 0 1 20 13 14 12 9 8 0 19 0 18 0 5 3 7 ];
[ 8 7 14 9 4 0 12 5 6 18 1 20 2 11 16 10 3 17 15 19 ];
[ 3 0 9 4 19 8 7 0 1 0 16 14 17 6 0 5 18 12 10 0 ];
[ 10 9 16 0 6 15 14 7 0 20 0 2 4 13 18 12 5 19 0 1 ];
[ 4 0 10 5 0 9 8 1 2 14 17 16 0 7 12 6 19 13 11 15 ];
[ 11 10 17 12 7 0 15 8 9 1 4 0 5 14 19 13 6 0 18 2 ];
[ 17 16 0 18 13 2 1 14 15 7 10 9 11 0 5 19 12 6 4 0 ];
[ 5 0 11 6 1 10 9 0 3 15 18 17 0 8 13 7 0 14 12 16 ];
[ 12 11 18 0 8 0 16 9 10 2 0 4 6 0 20 14 7 1 19 3 ];
[ 1 0 7 2 17 6 0 18 0 11 14 13 0 4 9 3 0 10 0 12 ];
[ 0 14 1 16 0 20 19 12 13 0 8 7 9 0 3 0 10 4 2 0 ]
]
solveTime = 0.034026145935058594
isOptimal = true
