t = [
[ 0 3 4 0 13 6 20 2 14 19 8 0 11 17 0 1 15 0 7 0 ];
[ 3 14 0 1 4 17 11 13 5 0 19 20 2 0 9 12 6 16 18 7 ];
[ 0 20 1 0 10 0 17 0 11 16 0 6 5 14 15 18 0 2 4 13 ];
[ 4 13 16 2 0 18 12 14 6 11 20 1 3 9 10 0 7 17 19 0 ];
[ 10 1 2 8 11 4 0 20 12 17 6 7 0 15 0 19 13 3 0 14 ];
[ 14 5 6 12 0 8 2 0 16 0 10 11 13 19 20 3 17 0 9 18 ];
[ 1 12 13 19 2 0 9 11 0 8 17 0 20 0 7 0 4 14 16 5 ];
[ 6 0 18 4 5 20 14 16 8 0 2 3 0 11 12 15 9 19 1 0 ];
[ 18 9 0 16 19 0 6 8 20 5 14 15 17 3 0 7 1 11 13 2 ];
[ 20 11 12 18 0 14 8 10 0 7 16 0 19 5 6 0 3 13 0 4 ];
[ 7 18 19 0 8 1 15 0 9 0 3 4 0 12 0 16 10 20 2 11 ];
[ 13 4 0 11 0 7 1 3 15 20 9 10 12 18 19 0 16 6 8 17 ];
[ 16 0 8 14 17 10 4 6 18 3 12 0 15 1 0 5 19 0 11 20 ];
[ 19 10 11 0 20 13 7 9 1 0 15 16 18 0 5 8 2 12 0 3 ];
[ 5 16 17 3 6 19 0 15 7 12 0 2 4 10 11 0 8 18 20 9 ];
[ 0 2 3 9 0 5 19 1 13 0 7 8 10 16 17 20 14 4 6 15 ];
[ 2 0 14 20 3 16 10 12 4 9 18 19 1 7 8 0 5 15 17 6 ];
[ 8 19 20 0 9 2 16 18 10 0 4 0 7 13 0 17 11 1 3 12 ];
[ 17 0 9 15 18 11 0 7 0 4 0 14 16 2 3 6 20 10 12 1 ];
[ 15 6 0 13 16 0 3 5 17 2 11 12 0 20 0 4 18 8 10 0 ]
]
solveTime = 0.029762983322143555
isOptimal = true
