t = [
[ 0 6 17 2 7 12 20 0 13 0 16 19 0 14 1 0 15 0 18 0 ];
[ 18 0 7 0 17 0 10 13 3 1 6 0 20 4 0 19 5 14 8 15 ];
[ 15 13 0 9 14 19 7 0 20 0 3 6 17 0 8 16 2 0 5 12 ];
[ 13 0 2 7 12 0 5 8 18 16 1 0 15 19 6 0 20 9 0 10 ];
[ 9 7 18 3 0 13 1 4 14 12 0 20 11 15 0 10 0 5 19 6 ];
[ 10 8 19 4 9 14 2 0 15 0 18 1 0 16 3 11 17 0 20 7 ];
[ 20 0 9 14 0 4 12 15 5 3 8 0 2 6 13 0 7 16 0 17 ];
[ 4 2 13 0 3 8 16 0 9 7 10 15 6 0 17 5 11 20 14 0 ];
[ 19 17 0 13 18 3 0 14 4 2 7 0 1 5 0 20 0 15 0 16 ];
[ 0 3 14 19 4 0 17 20 10 0 13 16 0 11 18 6 12 1 15 2 ];
[ 16 14 5 10 15 20 8 11 1 19 4 7 18 2 0 17 3 0 6 0 ];
[ 7 5 16 0 6 0 19 2 12 0 15 0 9 13 20 0 14 3 0 4 ];
[ 0 19 0 15 20 5 13 16 6 4 0 12 0 7 0 2 8 17 11 18 ];
[ 12 0 1 6 11 0 4 7 17 0 20 3 14 18 5 13 19 0 2 0 ];
[ 17 15 6 0 16 1 9 0 2 20 0 8 19 3 10 0 4 13 0 14 ];
[ 0 9 0 5 10 15 3 6 16 0 19 0 13 17 0 12 18 0 1 8 ];
[ 3 0 12 17 0 7 0 18 8 6 11 14 0 9 16 4 0 19 13 0 ];
[ 14 12 3 8 13 18 6 9 0 17 0 5 16 0 7 15 1 0 4 11 ];
[ 6 0 15 0 5 0 18 1 11 9 14 0 8 12 19 0 13 2 16 3 ];
[ 2 20 0 16 1 6 0 17 0 5 0 13 4 0 15 3 0 18 12 19 ]
]
solveTime = 0.028692007064819336
isOptimal = true
