t = [
[ 8 17 10 2 12 18 0 11 1 15 0 13 19 9 4 20 7 0 6 14 ];
[ 0 20 13 5 15 0 8 14 4 18 6 0 2 12 7 3 0 19 9 17 ];
[ 19 8 1 13 3 9 16 0 12 6 14 4 10 20 15 2 18 0 17 5 ];
[ 12 1 14 6 0 2 0 15 5 19 7 17 0 13 8 4 11 20 0 18 ];
[ 15 0 17 9 19 5 12 18 0 2 10 20 6 16 11 0 14 3 13 1 ];
[ 4 13 0 18 0 14 1 7 17 11 19 0 15 0 20 16 0 12 0 10 ];
[ 18 7 20 12 2 8 15 0 11 5 0 3 0 19 14 10 17 6 16 0 ];
[ 2 11 4 16 6 0 19 5 0 9 17 7 13 3 0 14 1 10 0 8 ];
[ 10 19 12 0 14 20 7 0 3 0 5 15 0 11 6 0 9 18 8 16 ];
[ 14 3 0 8 18 4 11 17 7 1 9 0 5 15 10 6 13 2 12 20 ];
[ 1 10 3 0 5 11 18 4 14 8 0 6 12 0 17 13 20 9 0 7 ];
[ 6 14 8 20 10 0 3 9 19 0 1 0 17 7 0 18 5 0 4 12 ];
[ 17 6 0 11 1 7 14 0 10 4 12 2 8 18 13 0 16 5 15 0 ];
[ 16 0 18 10 0 6 0 19 0 3 0 1 7 17 0 8 15 0 14 2 ];
[ 3 12 5 0 7 13 20 6 16 10 18 8 0 4 19 15 2 11 0 9 ];
[ 7 0 9 1 11 17 4 10 0 14 0 12 18 8 3 19 0 15 5 13 ];
[ 20 9 2 14 0 10 17 0 13 0 15 5 11 1 0 12 19 8 18 6 ];
[ 9 18 0 3 13 0 6 12 2 16 4 14 0 10 5 1 0 17 7 0 ];
[ 13 2 15 7 0 3 10 16 6 20 0 18 4 14 9 5 12 1 11 19 ];
[ 5 0 7 0 9 15 2 8 0 12 20 0 16 6 1 0 4 13 3 11 ]
]
solveTime = 0.029891014099121094
isOptimal = true
