t = [
[ 17 3 5 16 0 4 19 18 2 10 7 8 20 0 9 13 1 14 6 15 ];
[ 11 17 19 10 5 18 13 12 16 4 1 2 14 6 3 7 15 8 20 9 ];
[ 20 6 8 19 14 7 2 1 0 13 10 11 3 15 12 16 4 17 9 18 ];
[ 9 15 17 8 3 0 11 10 14 2 0 20 12 4 1 5 0 6 18 7 ];
[ 14 20 2 12 8 1 16 15 19 7 4 5 17 9 0 10 18 11 3 0 ];
[ 0 10 12 3 18 11 6 5 9 17 14 15 0 19 16 20 8 1 13 2 ];
[ 19 5 0 18 13 16 1 20 4 12 9 10 2 14 11 15 3 0 8 17 ];
[ 10 16 18 9 4 17 12 11 15 3 0 1 13 5 2 6 14 7 19 0 ];
[ 15 1 3 14 9 2 17 16 20 8 5 6 18 10 7 11 19 12 4 13 ];
[ 0 11 13 4 19 12 7 6 10 18 15 16 8 20 17 1 0 2 14 3 ];
[ 16 2 4 15 10 3 0 17 1 9 6 7 19 11 8 0 20 0 5 14 ];
[ 18 4 6 0 12 5 20 0 3 0 8 9 1 13 10 14 2 15 7 16 ];
[ 1 0 9 20 15 8 3 2 6 14 0 12 4 16 13 17 5 18 10 19 ];
[ 12 18 20 11 0 19 14 13 17 0 2 3 15 7 4 8 16 0 1 10 ];
[ 7 13 15 6 1 14 9 8 12 20 17 0 10 2 19 0 11 4 16 5 ];
[ 0 14 16 0 2 15 10 9 13 0 18 19 11 0 20 4 12 0 17 6 ];
[ 6 12 14 5 20 13 8 7 11 19 16 17 9 1 18 2 10 3 15 4 ];
[ 2 8 10 1 0 9 4 0 7 0 12 13 5 17 14 18 6 19 11 20 ];
[ 13 19 1 0 7 20 15 14 18 6 3 4 16 8 5 9 17 10 2 11 ];
[ 3 0 11 2 17 10 5 4 8 16 13 14 6 18 15 0 7 20 12 1 ]
]
solveTime = 0.025758028030395508
isOptimal = true
