t = [
[ 2 6 0 16 5 8 9 0 18 0 19 11 12 1 15 14 20 0 10 17 ];
[ 0 20 17 10 19 2 3 1 12 7 13 5 0 15 9 8 0 18 4 0 ];
[ 12 16 13 0 15 18 0 17 0 3 0 1 2 11 0 4 10 0 20 7 ];
[ 10 14 11 4 13 16 17 0 6 1 7 19 0 9 3 0 8 12 18 5 ];
[ 1 0 2 20 4 7 8 6 17 12 0 10 11 0 14 13 19 3 9 16 ];
[ 0 9 6 19 8 11 12 10 1 16 2 0 15 4 18 17 0 7 13 20 ];
[ 4 8 0 18 7 0 11 0 20 15 17 13 14 3 0 16 2 6 12 19 ];
[ 13 17 14 7 16 19 0 18 9 0 10 0 3 0 6 0 11 0 1 8 ];
[ 9 13 10 3 12 15 16 14 5 20 6 18 19 8 2 1 7 11 0 4 ];
[ 20 0 1 14 0 6 7 0 16 11 0 9 10 19 13 12 0 2 8 15 ];
[ 3 7 0 17 6 9 10 8 19 14 20 0 13 2 0 15 1 5 11 18 ];
[ 19 0 20 13 2 5 0 4 15 10 0 8 9 0 12 11 17 1 7 0 ];
[ 17 1 0 11 0 3 4 2 13 8 14 6 7 16 10 0 15 0 5 12 ];
[ 14 18 15 8 17 20 1 0 10 0 11 3 4 13 7 6 0 16 2 9 ];
[ 18 2 19 12 1 0 5 3 14 9 0 7 0 17 0 10 16 0 6 13 ];
[ 8 0 9 2 11 14 15 0 4 19 5 17 18 7 1 20 6 10 16 3 ];
[ 6 10 7 0 9 0 13 11 2 0 3 15 16 5 0 18 4 0 14 1 ];
[ 11 15 12 5 14 17 0 16 7 2 8 0 1 10 4 3 9 13 0 6 ];
[ 7 11 8 0 10 13 14 0 3 18 0 16 17 0 20 0 5 0 15 0 ];
[ 15 0 16 9 18 0 2 20 11 0 12 4 0 14 8 7 13 17 3 10 ]
]
solveTime = 0.028429031372070312
isOptimal = true
