t = [
[ 0 3 0 18 10 20 0 5 8 15 9 16 0 7 0 6 2 0 11 0 ];
[ 7 17 13 12 0 14 6 19 2 9 3 0 11 1 8 20 16 18 5 15 ];
[ 0 14 0 9 1 11 3 16 0 6 0 7 8 0 5 0 13 15 0 12 ];
[ 11 1 17 16 8 0 10 3 6 13 7 14 15 5 0 4 20 2 9 0 ];
[ 3 0 9 0 20 10 2 0 18 0 19 17 7 0 4 16 0 14 0 11 ];
[ 16 6 0 1 13 3 0 8 11 18 12 19 20 10 0 9 5 0 14 4 ];
[ 0 9 5 0 16 0 18 0 14 0 15 2 0 13 20 12 0 10 0 7 ];
[ 8 18 14 13 0 15 7 20 0 10 11 0 12 2 0 1 17 19 6 16 ];
[ 5 0 11 10 2 12 4 0 20 7 1 8 9 19 6 18 14 0 3 13 ];
[ 14 4 20 0 11 0 13 6 0 16 10 0 18 0 15 7 3 5 12 0 ];
[ 17 0 3 2 0 4 0 9 12 19 0 20 1 11 0 10 6 8 15 5 ];
[ 9 19 0 14 6 16 8 17 4 0 5 0 13 0 10 2 18 0 7 0 ];
[ 18 8 4 0 15 0 17 10 13 20 14 1 0 12 19 0 7 9 16 6 ];
[ 20 10 0 5 17 7 19 0 15 2 0 3 4 14 0 13 9 11 18 8 ];
[ 0 11 7 6 18 0 20 13 0 3 17 4 5 0 2 14 10 0 19 9 ];
[ 10 20 16 0 7 17 9 0 5 12 6 0 14 4 11 0 19 1 8 18 ];
[ 12 0 18 17 9 0 11 4 7 0 8 15 0 6 0 5 1 3 10 0 ];
[ 15 5 0 20 12 2 0 7 10 17 0 18 19 9 16 0 4 6 0 3 ];
[ 2 0 8 7 0 9 1 14 0 4 18 5 0 16 3 15 0 13 20 10 ];
[ 6 16 12 0 3 13 5 18 1 0 2 0 10 20 0 19 15 0 4 14 ]
]
solveTime = 0.029656171798706055
isOptimal = true
