t = [
[ 8 9 0 12 20 18 2 7 15 4 5 0 6 16 19 10 0 1 17 11 ];
[ 0 1 15 4 12 0 14 19 0 16 0 6 0 8 0 2 5 13 0 3 ];
[ 14 15 9 18 0 4 8 13 1 10 11 20 12 0 5 16 0 7 3 17 ];
[ 1 0 16 5 13 0 15 0 8 17 18 0 19 9 12 3 6 0 10 4 ];
[ 0 6 0 9 17 15 19 4 12 0 2 11 3 0 16 7 10 18 14 0 ];
[ 12 13 7 16 4 2 0 11 0 8 0 18 0 20 3 14 0 5 0 15 ];
[ 7 0 2 0 19 17 1 0 14 3 4 0 5 0 18 9 12 20 16 10 ];
[ 0 4 18 7 0 13 17 2 10 19 0 9 1 11 14 0 8 16 12 6 ];
[ 4 5 0 8 16 0 7 3 0 20 1 10 0 12 0 6 9 14 13 0 ];
[ 10 0 5 14 2 20 4 9 17 6 0 16 8 0 1 0 15 3 18 13 ];
[ 9 10 0 13 1 19 3 8 16 0 6 15 0 17 20 11 0 2 0 12 ];
[ 11 12 6 0 3 1 0 10 18 7 8 0 9 19 0 13 16 4 20 0 ];
[ 0 19 0 2 10 8 12 17 0 14 15 4 16 6 9 0 3 11 7 1 ];
[ 13 0 8 17 0 3 0 12 20 9 10 19 0 1 0 15 18 6 0 16 ];
[ 19 20 14 0 11 9 13 0 6 0 16 0 17 0 10 0 4 12 8 2 ];
[ 15 16 0 19 7 0 9 14 2 11 12 1 13 3 6 17 20 8 0 18 ];
[ 6 0 1 10 0 16 0 5 13 2 0 12 4 0 17 0 11 0 15 0 ];
[ 16 17 0 20 8 6 10 15 0 12 13 2 0 4 7 18 0 9 5 19 ];
[ 2 0 17 6 14 12 16 1 9 18 0 8 20 10 0 4 7 15 0 5 ];
[ 17 18 12 0 9 0 11 0 4 13 14 0 15 0 8 19 0 10 6 0 ]
]
solveTime = 0.030496835708618164
isOptimal = true
