t = [
[ 0 18 4 17 8 0 19 11 10 5 0 2 12 13 14 15 20 0 7 3 ];
[ 17 6 12 0 16 4 7 19 18 13 14 10 20 1 2 3 0 9 15 11 ];
[ 4 13 19 12 3 11 0 6 5 20 1 17 7 8 9 0 15 0 2 0 ];
[ 0 20 6 19 10 18 1 0 12 7 8 0 14 0 16 17 2 3 9 5 ];
[ 7 16 0 15 0 14 17 9 8 0 4 20 10 11 0 13 0 19 0 1 ];
[ 8 17 3 0 7 0 18 10 9 4 0 1 16 12 13 14 19 20 6 0 ];
[ 0 12 0 11 2 10 13 0 4 0 20 16 6 7 8 5 14 15 1 17 ];
[ 10 19 5 18 9 17 0 12 11 6 7 3 0 14 0 16 1 2 0 4 ];
[ 0 1 0 20 11 0 2 14 13 8 0 5 15 16 17 18 0 4 10 0 ];
[ 16 5 11 0 15 3 6 18 17 12 13 9 19 20 1 0 7 8 14 10 ];
[ 0 3 9 2 13 0 4 16 0 10 0 7 17 18 0 20 5 6 12 0 ];
[ 6 15 1 14 5 13 0 8 7 0 3 19 9 0 11 12 17 18 4 20 ];
[ 2 0 17 10 1 9 12 4 3 18 19 15 5 6 7 8 13 14 20 16 ];
[ 13 2 8 0 12 0 3 15 14 9 10 6 0 17 0 19 0 5 11 0 ];
[ 15 4 0 3 0 2 5 17 16 11 12 0 18 19 20 1 6 7 13 9 ];
[ 18 7 13 6 17 5 8 20 19 0 15 11 1 2 3 4 0 10 16 0 ];
[ 20 9 15 8 0 7 0 2 0 16 0 13 3 0 5 6 11 12 0 14 ];
[ 1 10 16 9 20 0 11 3 2 17 18 0 4 5 6 0 12 0 19 15 ];
[ 5 0 20 13 0 12 0 7 6 1 2 18 8 0 10 11 16 17 3 19 ];
[ 19 8 14 7 18 6 9 0 20 15 16 0 2 3 4 0 10 11 17 0 ]
]
solveTime = 0.031111955642700195
isOptimal = true
