t = [
[ 11 10 3 0 1 2 0 8 0 5 6 9 14 19 12 0 18 17 4 13 ];
[ 17 16 0 6 7 8 2 14 13 11 12 15 20 0 18 1 4 3 10 0 ];
[ 20 19 12 9 10 11 5 0 16 0 15 0 3 8 1 4 0 6 13 2 ];
[ 3 2 0 12 0 14 0 20 19 17 18 1 6 11 4 7 10 9 16 5 ];
[ 0 18 11 0 9 10 4 16 15 13 0 17 0 7 0 3 0 5 0 1 ];
[ 8 7 20 17 18 19 13 5 4 2 14 6 11 0 9 12 15 0 1 0 ];
[ 0 8 1 0 19 0 14 6 5 3 4 7 12 17 10 0 16 15 2 11 ];
[ 14 13 0 3 0 5 19 11 10 8 9 12 4 2 0 18 1 20 7 16 ];
[ 2 0 14 11 12 0 7 19 18 16 0 20 5 0 3 6 0 8 15 0 ];
[ 6 5 18 15 16 17 11 0 2 20 1 0 9 14 0 10 13 12 0 8 ];
[ 7 6 19 0 17 18 0 4 3 0 2 5 0 15 8 0 14 0 20 9 ];
[ 10 9 2 19 20 1 15 7 6 4 5 0 13 18 11 14 0 16 3 12 ];
[ 13 12 0 2 3 0 18 10 9 0 8 11 16 1 0 17 20 14 6 15 ];
[ 1 20 13 0 11 12 6 0 17 15 0 19 0 10 2 5 0 7 0 3 ];
[ 0 15 8 5 0 7 1 13 12 10 11 14 19 4 17 0 3 2 9 18 ];
[ 18 17 10 7 8 0 3 15 14 12 13 16 1 6 19 2 5 0 11 20 ];
[ 12 0 4 0 2 3 17 9 8 6 0 10 15 20 0 16 19 18 0 14 ];
[ 0 4 0 14 15 0 10 2 0 19 20 3 8 13 6 9 12 0 18 7 ];
[ 15 14 7 4 5 6 0 12 11 9 10 13 18 0 16 0 2 1 8 17 ];
[ 4 3 0 13 14 15 9 1 20 18 0 2 7 12 5 19 11 10 0 6 ]
]
solveTime = 0.02959895133972168
isOptimal = true
