t = [
[ 16 17 7 5 6 13 11 4 1 18 3 2 0 15 19 20 12 0 10 0 ];
[ 11 12 2 20 1 8 6 19 16 13 18 0 3 10 14 15 7 9 5 4 ];
[ 13 14 4 2 3 0 8 1 18 15 20 19 5 12 16 17 9 11 7 0 ];
[ 8 9 0 17 18 5 3 0 13 10 15 14 20 7 11 12 4 6 2 1 ];
[ 5 6 16 14 15 2 20 13 10 7 12 11 17 4 8 9 1 0 19 18 ];
[ 10 11 1 19 20 7 5 18 15 12 17 16 2 9 13 14 6 8 4 3 ];
[ 1 2 12 10 0 18 16 9 0 3 8 0 13 20 4 5 17 19 0 14 ];
[ 2 3 13 11 12 19 17 0 7 4 9 8 14 1 0 6 0 20 16 15 ];
[ 18 19 9 7 8 15 13 6 0 20 5 4 10 17 1 2 14 16 12 11 ];
[ 9 10 0 18 19 6 0 17 14 11 16 0 1 8 12 13 5 7 3 2 ];
[ 3 4 14 12 13 20 18 11 8 5 10 9 0 2 6 7 19 1 17 16 ];
[ 4 5 0 13 14 1 19 12 9 6 11 10 16 0 7 0 20 2 18 17 ];
[ 20 1 11 9 10 17 15 8 5 2 7 6 12 19 3 4 16 18 14 13 ];
[ 14 15 5 3 4 11 9 2 19 16 1 0 6 0 17 18 10 12 8 7 ];
[ 0 16 6 4 5 12 0 3 20 17 2 1 7 14 18 19 0 13 9 8 ];
[ 6 7 17 15 16 0 1 14 11 0 13 12 18 5 9 10 2 4 20 19 ];
[ 7 8 18 0 17 4 2 15 12 9 14 0 19 6 0 11 3 5 1 20 ];
[ 17 18 8 6 7 14 12 5 2 19 4 3 9 0 20 1 0 15 11 10 ];
[ 19 20 0 8 0 16 14 7 4 1 6 5 0 18 0 3 15 17 13 12 ];
[ 12 13 3 1 2 9 7 20 17 14 19 18 4 11 15 16 8 10 6 5 ]
]
solveTime = 0.03114485740661621
isOptimal = true
