t = [
[ 0 5 3 17 2 1 6 0 9 13 12 0 16 0 8 15 14 11 10 0 ];
[ 12 0 16 13 15 0 19 10 0 6 5 17 9 20 1 8 7 0 3 11 ];
[ 1 7 5 2 4 3 8 19 11 0 14 6 0 9 0 17 16 13 0 20 ];
[ 7 13 11 8 0 9 0 5 17 1 0 12 4 0 16 0 2 19 18 0 ];
[ 20 6 4 0 3 2 7 18 10 0 13 5 17 8 9 16 15 12 11 19 ];
[ 0 14 12 9 11 10 15 0 18 2 1 13 5 16 17 4 3 20 19 7 ];
[ 18 4 2 19 0 20 5 16 8 0 11 0 15 6 0 14 12 10 0 17 ];
[ 2 0 6 3 5 4 9 20 12 16 0 7 0 10 11 18 17 14 13 15 ];
[ 0 12 10 7 9 8 0 4 16 0 19 11 3 14 15 2 0 18 0 5 ];
[ 13 19 17 14 16 0 20 0 3 7 6 18 10 0 2 9 8 5 4 12 ];
[ 14 20 0 15 0 16 1 12 0 8 0 19 11 2 7 10 9 0 5 0 ];
[ 0 16 14 11 13 12 0 8 20 4 3 15 7 18 19 6 5 2 1 9 ];
[ 15 1 0 16 18 0 2 13 5 9 8 20 0 3 4 11 10 7 6 14 ];
[ 0 2 20 0 19 18 3 14 6 0 9 1 13 0 5 0 11 0 7 0 ];
[ 11 0 15 12 14 0 18 9 1 5 0 16 8 19 20 7 6 3 0 10 ];
[ 9 15 0 10 12 11 16 0 19 3 2 14 0 17 18 5 0 1 20 8 ];
[ 5 0 9 6 0 7 0 3 15 19 18 10 2 13 0 1 20 17 16 0 ];
[ 17 3 1 0 20 19 4 15 7 11 10 2 14 5 6 13 0 9 0 16 ];
[ 3 0 7 4 6 5 0 1 13 17 16 8 20 11 12 0 18 15 14 2 ];
[ 0 10 8 0 7 6 11 2 14 18 17 9 1 12 13 20 0 16 0 3 ]
]
solveTime = 0.03677105903625488
isOptimal = true
