t = [
[ 14 7 6 2 5 10 0 18 0 19 9 0 20 0 12 0 15 0 13 0 ];
[ 15 8 7 0 6 11 18 19 2 20 0 5 1 4 13 12 16 17 14 9 ];
[ 5 18 17 13 0 1 8 0 12 10 20 15 0 14 3 2 6 0 4 19 ];
[ 2 15 14 10 13 18 0 6 9 0 17 0 8 0 20 0 3 4 1 0 ];
[ 0 13 12 0 11 16 3 4 0 5 15 10 6 9 0 17 1 2 19 14 ];
[ 4 0 16 12 0 20 0 8 11 9 0 14 0 13 2 1 5 6 3 18 ];
[ 16 9 8 0 7 12 19 20 0 1 11 0 2 5 14 0 17 0 15 0 ];
[ 11 4 0 19 2 17 14 15 18 16 0 1 0 20 9 8 0 13 10 5 ];
[ 0 14 13 0 12 0 4 0 8 0 16 11 17 10 0 18 2 0 20 0 ];
[ 8 0 20 16 0 4 0 12 15 13 3 18 14 17 6 5 0 10 7 2 ];
[ 19 12 11 7 10 15 2 0 6 4 0 9 5 0 17 16 20 1 18 0 ];
[ 12 5 4 20 3 8 0 16 19 17 7 2 0 1 0 9 13 0 11 6 ];
[ 6 0 18 0 17 2 9 0 13 0 1 16 12 15 4 3 0 8 5 20 ];
[ 0 20 0 15 0 3 0 11 0 12 2 0 13 16 0 4 8 9 0 1 ];
[ 13 6 5 1 4 0 16 17 20 18 0 3 19 0 11 10 14 15 12 0 ];
[ 3 0 15 11 14 19 6 0 10 0 18 13 0 12 1 20 0 5 2 17 ];
[ 18 11 10 6 0 14 13 2 5 3 0 8 4 7 0 15 19 0 17 0 ];
[ 0 10 9 5 8 13 20 1 0 2 12 0 3 0 15 14 0 19 16 11 ];
[ 10 3 2 18 1 6 0 14 17 0 5 20 16 19 8 7 11 12 9 0 ];
[ 0 2 0 17 0 5 12 13 0 14 4 19 0 18 7 0 10 0 8 3 ]
]
solveTime = 0.027127981185913086
isOptimal = true
