t = [
[ 3 19 9 14 0 11 5 15 8 1 0 6 16 0 17 18 13 2 20 12 ];
[ 0 16 0 11 7 8 0 12 5 0 4 3 13 1 14 0 10 0 17 9 ];
[ 12 8 18 3 0 20 14 0 17 10 0 15 5 0 6 7 2 11 0 1 ];
[ 0 1 11 0 12 13 0 17 10 3 9 8 0 6 0 20 15 4 2 14 ];
[ 13 9 19 4 0 1 15 0 18 11 17 16 6 14 7 8 0 12 10 0 ];
[ 9 5 0 20 16 0 11 1 14 0 13 12 2 10 0 4 19 8 0 18 ];
[ 0 12 2 7 3 4 18 8 1 14 20 19 17 0 10 11 0 15 13 5 ];
[ 17 13 3 0 4 0 19 0 2 15 0 20 10 18 11 12 7 0 14 0 ];
[ 6 2 0 17 13 14 0 18 11 0 10 9 19 0 20 1 0 5 0 15 ];
[ 2 0 8 13 9 0 4 0 7 20 6 0 15 3 16 0 12 1 19 11 ];
[ 0 15 0 10 0 7 1 11 4 17 0 2 0 20 0 14 0 18 0 8 ];
[ 11 7 17 2 18 0 13 3 16 0 15 14 4 0 5 6 1 0 8 20 ];
[ 7 3 13 0 14 15 0 19 12 5 11 10 20 8 1 0 17 6 0 16 ];
[ 0 14 4 9 5 0 20 10 0 16 0 1 0 19 12 13 8 17 15 7 ];
[ 10 0 16 1 0 18 0 2 15 0 14 13 3 11 0 5 0 9 7 0 ];
[ 14 10 20 5 1 2 16 0 19 12 18 17 0 15 8 9 4 13 0 3 ];
[ 1 0 7 0 8 0 3 13 6 0 5 4 14 2 15 0 11 0 18 10 ];
[ 0 4 14 19 0 16 10 0 13 6 12 0 1 9 2 3 0 7 5 0 ];
[ 4 20 0 15 11 12 0 16 9 0 8 7 0 5 18 19 14 0 1 13 ];
[ 15 11 1 6 0 3 17 7 20 13 0 18 8 16 0 10 5 14 12 0 ]
]
solveTime = 0.03425097465515137
isOptimal = true
