t = [
[ 11 9 17 0 12 13 8 5 4 19 6 14 7 3 18 2 0 16 20 0 ];
[ 0 6 14 7 9 10 0 2 0 16 3 11 4 20 15 0 12 13 17 18 ];
[ 20 18 6 19 1 2 17 14 13 0 15 3 16 0 7 11 4 0 9 0 ];
[ 12 10 18 11 13 0 9 6 5 20 0 15 0 4 19 3 16 17 1 2 ];
[ 2 0 8 0 3 4 19 16 15 10 17 0 18 0 9 13 0 7 11 0 ];
[ 0 3 11 4 0 7 0 19 18 13 0 8 1 17 0 16 9 0 14 15 ];
[ 13 11 19 0 14 15 10 0 6 0 8 0 9 5 20 4 17 18 2 1 ];
[ 7 0 13 6 0 9 4 1 20 15 2 10 0 19 14 18 11 12 16 17 ];
[ 0 7 15 8 10 0 6 0 2 17 0 12 5 1 16 20 13 14 18 19 ];
[ 4 2 10 0 5 6 1 18 0 12 19 0 20 16 0 15 8 0 13 0 ];
[ 6 4 12 5 0 8 3 20 19 14 1 9 2 18 13 17 10 11 15 16 ];
[ 14 0 20 0 15 16 11 8 7 2 0 17 0 6 1 0 18 19 0 4 ];
[ 0 16 4 17 19 20 15 0 11 6 13 1 14 10 5 9 2 0 7 0 ];
[ 3 1 9 2 4 0 20 17 16 0 18 6 0 15 10 14 0 8 12 13 ];
[ 0 13 0 14 16 17 0 9 8 3 10 18 11 7 2 6 19 0 4 5 ];
[ 1 0 7 20 2 3 18 15 0 9 0 4 17 0 8 12 5 6 10 14 ];
[ 17 15 3 16 18 19 14 11 10 5 12 20 0 9 4 8 0 2 0 7 ];
[ 16 0 2 0 17 18 0 10 9 0 11 19 12 8 3 7 20 1 5 6 ];
[ 19 17 5 18 0 1 16 13 12 7 14 2 15 11 6 10 3 4 8 9 ];
[ 0 8 16 9 11 0 7 0 3 18 5 13 0 2 0 1 14 15 0 20 ]
]
solveTime = 0.03613996505737305
isOptimal = true
